grades
1454649832690
1454649832694
1454649832702
[22149]
[22156]
[233]
[22919]
[18699]
[1851]
[19590]
[18750]
[22913]
[19822]

newsletter
1454649865910
1454649865912
1454649865913
[1701]
[1718]
[13778]
[1309]
[16653]
[2161]
[21523]
[18378]
[1287]
[1238]

carl hayden
1454649949694
1454649949695
1454649949697
[21827]
[15128]
[22252]
[1134]
[17678]
[19555]
[15130]
[15114]
[17663]
[15301]

fall semester
1454649890247
1454649890249
1454649890252
[845]
[882]
[103]
[88]
[3595]
[30]
[20258]
[275]
[871]
[803]

stimulant web
1454649921922
1454649921924
1454649921927
[18231]
[23353]
[23359]
[13973]
[14348]
[26]
[13988]
[13984]
[10895]
[13948]